Dimension=3
        10          16.796541425944522      0.1456901
         11          18.831741159411763      0.1155862
         12          20.964944119690603      0.0912486
         13          23.058844603052748      0.0722955
         14          25.208427264928325      0.0570007
         15          27.37950831477604      0.0451305
         16          29.614700021390856      0.0355292
         17          31.904034203651626      0.0280204
         18          34.112279134224394      0.0219364
         19          36.470592668603      0.0172491
         20          38.800561222998454      0.0136844
         21          41.149759219068734      0.0107359
         22          43.54695306473625      0.0084265
         23          45.95598264104154      0.0066133
         24          48.12899762251706      0.0052156
         25          50.756608357628764      0.004116
         26          52.88707239581727      0.0032419
         27          55.274103710677025      0.0025494
         28          57.86203423967775      0.001986
         29          60.43920274380379      0.0015453
         30          63.00998597012462      0.0012117
         31          65.97810371922472      9.545E-4
         32          68.37734343837256      7.521E-4
         33          71.79946613279947      5.994E-4
         34          73.20752324598479      4.732E-4
         35          76.46486028789161      3.543E-4
         36          79.36315604085945      2.839E-4
         37          82.34285714285714      2.24E-4
         38          84.13197969543147      1.773E-4
         39          86.80738595220855      1.381E-4
         40          86.33672525439408      1.081E-4