dimension=4
	 10          14.020876122207936      0.2578065
         11          15.562812220524902      0.2194963
         12          17.161928631829262      0.1869657
         13          18.72240305101386      0.158898
         14          20.322615312536776      0.1351089
         15          21.922387135058568      0.1149294
         16          23.534055583458557      0.0977593
         17          25.130695926649633      0.0831625
         18          26.82117240793682      0.070658
         19          28.42837561801219      0.0599705
         20          30.08596964553758      0.0509645
         21          31.698147976664504      0.043196
         22          33.444663193273655      0.0367748
         23          34.9759361713027      0.0312336
         24          36.63344322219831      0.0264813
         25          38.34615898820824      0.0224394
         26          40.0338854987066      0.0190583
         27          41.74785734205063      0.0161365
         28          43.36423590109818      0.0137227
         29          45.06133625410734      0.0115951
         30          46.64850853567162      0.0098762
         31          48.45607425215592      0.0083607
         32          50.25388266352122      0.0071214
         33          51.83254425180224      0.0060619
         34          53.427828907517046      0.0051177
         35          55.398190675017396      0.004311
         36          56.86351218446072      0.0036604
         37          58.3904019080156      0.0031027
         38          60.02698526363397      0.0026533
         39          62.54367816091954      0.002262
         40          63.824229284543385      0.0018911