dimension=2
  10          26.245369046336993      0.04206423
         11          30.019512953881073      0.02867326
         12          34.16076080902292      0.01937201
         13          38.25724276256775      0.01313242
         14          42.79284621529047      0.00886356
         15          47.24503094162903      0.005979
         16          51.9983616598527      0.00401626
         17          56.74613978697926      0.00269739
         18          61.7517533790649      0.00182077
         19          66.84558063192449      0.0012185
         20          72.04211297709924      8.1875E-4
         21          77.41839692290866      5.4857E-4
         22          82.61733947439718      3.691E-4
         23          88.89742333292499      2.4489E-4
         24          93.72521591047318      1.6442E-4
         25          99.64717632104595      1.1014E-4
         26          105.88100436681222      7.328E-5
         27          112.08090349075975      4.87E-5
         28          118.6710447761194      3.35E-5
         29          121.90723562152134      2.156E-5
         30          134.8136518771331      1.465E-5
         31          135.01021450459652      9.79E-6
         32          145.584496124031      6.45E-6
         33          152.02552204176334      4.31E-6
         34          151.48070175438596      2.85E-6
         35          181.76555023923444      2.09E-6
         36          169.04545454545453      1.32E-6
         37          140.2      8.5E-7
         38          203.3793103448276      5.8E-7
         39          201.0      3.2E-7
         40          221.09677419354838      3.1E-7