running in 3 dimensions
****** value of N ******* value of Rn^2 ******* Value of F_SAW ******
         10          0.0      7.1975E-4
         11          NaN      0.0
         12          0.0      3.2933E-4
         13          NaN      0.0
         14          0.0      1.5704E-4
         15          NaN      0.0
         16          0.0      7.563E-5
         17          NaN      0.0
         18          0.0      3.661E-5
         19          NaN      0.0
         20          0.0      1.875E-5
         21          NaN      0.0
         22          0.0      1.04E-5
         23          NaN      0.0
         24          0.0      5.06E-6
         25          NaN      0.0
         26          0.0      2.87E-6
         27          NaN      0.0
         28          0.0      1.41E-6
         29          NaN      0.0
         30          0.0      8.7E-7
         31          NaN      0.0
         32          0.0      4.0E-7
         33          NaN      0.0
         34          0.0      2.4E-7
         35          NaN      0.0
         36          0.0      1.1E-7
         37          NaN      0.0
         38          0.0      8.0E-8
         39          NaN      0.0
         40          0.0      4.0E-8
