        polygon in 4 dimensions
****** value of N ******* value of Rn^2 ******* Value of F_SAW ******
         10          0.0      5.3214E-4
         11          NaN      0.0
         12          0.0      2.65E-4
         13          NaN      0.0
         14          0.0      1.4166E-4
         15          NaN      0.0
         16          0.0      7.717E-5
         17          NaN      0.0
         18          0.0      4.4E-5
         19          NaN      0.0
         20          0.0      2.509E-5
         21          NaN      0.0
         22          0.0      1.449E-5
         23          NaN      0.0
         24          0.0      9.21E-6
         25          NaN      0.0
         26          0.0      5.42E-6
         27          NaN      0.0
         28          0.0      3.34E-6
         29          NaN      0.0
         30          0.0      1.89E-6
         31          NaN      0.0
         32          0.0      1.24E-6
         33          NaN      0.0
         34          0.0      7.5E-7
         35          NaN      0.0
         36          0.0      4.8E-7
         37          NaN      0.0
         38          0.0      3.1E-7
         39          NaN      0.0
         40          0.0      1.5E-7
